-719127
-126906
-699708
-111606
-17217
-346164
-59700
-314184
993019
62613
-505731
-296939
153327
-568539
251655
404229
-357430
-353021
-790577
-300501
-353933
677903
-900732
89939
-467991
996619
-695034
456523
-181732
332033
-42548
-794021
277873
906125
790733
-460495
-758346
-551834
676694
455682
-914731
165240
773396
-188265
651722
-778935
-36016
-360253
513491
-892295
792161
841542
446471
919155
-594180
-692710
-974398
844262
684173
-927872
-281712
-735492
-646422
-530066
76830
-73720
653008
-620689
211068
149752
-15524
-208007
729676
-207471
692767
-692652
-612354
-418079
468365
-286975
-268528
-48345
-675896
-775532
-185797
-682479
-59674
-976379
-263049
829255
570227
-137289
-328437
119945
294644
195190
-581708
-919923
137477
-698624
-979530
-486932
350808
-90360
397571
-189036
198730
-130898
-439693
507617
324645
267436
206096
-900485
-43005
76806
806863
-377301
-627879
-553964
-406299
966152
-726034
-111959
-933736
478260
-71181
-790819
965962
-967051
-285960
-49776
481539
-112827
1484
-75934
-813168
690852
973397
583969
152642
928524
-803721
-675111
-35824
204838
-173963
-294240
266789
69622
580217
254096
-900992
-164366
456492
296385
149267
-959833
-255682
694187
715741
640196
316701
488241
306413
867407
238582
-158927
515677
728746
679926
984923
-464609
-600195
-750949
-315085
689881
-921640
-180690
-791107
-564172
606382
186103
15018
-957532
817800
-835307
-522840
229960
474526
-214568
98551
894673
-943958
-416281
-854265
-392838
691726
-747130
341174
907511
-38221
-442739
978860
436420
-580261
-487375
720729
647946
33426
-236256
-532320
-288534
-270423
750653
-220064
231158
696226
954356
-238525
617693
691932
82747
-882764
-564511
182181
547422
110285
-827512
-940769
193608
-470774
-234115
-527757
-655185
400744
487398
-845113
851702
758611
54695
422754
-892650
647139
578850
17840
-303461
-684860
-134779
-81985
383410
-825960
-180739
124081
162034
665956
492018
-906073
821555
392324
-500161
-920263
-376673
-673540
-280823
-707727
-638929
975798
553286
537082
359418
-620366
733241
-43573
540096
187167
-633195
-157907
416444
618192
210943
904531
323325
955718
909593
-801850
19181
914133
93630
-250402
-318676
-911373
-637181
-893804
890282
891634
-231407
-935176
582576
-153364
-991471
-751088
963001
678647
-284867
-941328
-855541
-767202
-495750
-566658
425325
655318
-773328
-612875
-500793
200375
593817
582109
-868445
-560801
313046
157228
129909
-901609
-489399
782124
916679
246994
-776536
964430
-931205
-126910
464291
-859736
-639082
710628
114899
-614737
200893
-541707
-300790
275001
-710181
247574
-559494
-421162
-838227
-433258
359890
-138055
95254
-953898
13892
-518518
88384
836210
-527797
-181580
407160
-617502
-34980
-576945
406966
-602361
-93548
338286
-157481
810338
580871
238244
-260139
5829
-50737
20098
189697
-137944
-181771
801854
944679
367087
-740247
-885831
143950
-944240
773182
988734
5576
207487
644506
402710
19075
39369
685270
-579277
-970584
-895812
-368597
-60745
-412449
-374747
-397360
-853617
-372272
300971
116769
-509867
56250
-378520
246666
-830455
-698730
775409
533739
-415020
56050
-881687
306373
-830531
784476
-67933
513752
967014
703254
-432328
-350719
620062
-123142
-589218
287555
946344
578414
408306
763215
786898
-544051
216159
58715
-8906
373310
-680548
-99794
390180
-1176
-292946
728721
193885
396797
823684
-152524
190591
-371350
909995
876828
-731212
-440362
-969754
275352
309278
-396900
165988
524790
-353325
-878072
-647343
-278338
-348832
599005
967458
-487560
-144790
524773
-773124
-849774
-727375
-814739
-515670
-286335
-206297
-236346
432955
-447010
-754337
679578
-682504
624702
-164130
-205526
494212
-289106
-451989
-294941
623065
-832863
-870197
886865
-934278
113235
755892
412257
-163370
675494
269412
609213
452501
128734
-222076
-529335
450347
-268194
251721
509317
500862
-87681
570580
246203
-296616
67348
994516
-83963
-320269
821358
786400
-966332
-7343
562354
-622131
-410739
-112055
133476
915466
44226
534281
540994
484201
587884
-301185
150606
867776
520268
398578
-306304
-534857
-409590
-397053
86529
-44520
-184279
-297763
475035
-718144
-632780
959573
230231
-476067
13270
-760185
560349
272377
-148067
324380
677678
-567005
-584576
-117955
-437246
61620
-833867
-577914
-367796
958107
125798
477560
366296
-406700
901855
888627
136817
-248428
-122158
451109
674199
-996780
67701
-591649
-673132
-750389
77001
999949
-647734
524862
-279909
-691913
-942142
-520126
653199
-428335
411198
931984
603738
423003
184268
-110630
741405
8261
-354331
318415
598023
496532
192320
-857802
-655038
-95603
21992
-939136
-267786
876911
615631
702050
748532
-496901
389149
23
28752
953066
-63459
-520402
383560
-972992
-380941
832153
925037
672711
-239279
-814770
560115
-172024
-760018
474224
622054
985224
-515801
-196846
-687109
-962927
830404
-887383
880811
627292
-554164
-114976
361632
800728
-793939
115114
301913
-854517
23556
883146
-469335
-538081
-878147
-825847
163274
383323
653213
758670
508516
-426572
732400
773309
-935707
-276146
889345
823089
-890952
-805510
-703515
313891
-244761
604529
254812
848988
589557
460958
619605
-114856
-919699
834201
859910
-178734
-119619
672104
-747637
756725
209340
-806340
-930458
-186091
19439
790372
668956
-659753
-504815
-871502
-786742
220304
882965
-844701
-139859
4041
215902
414407
-200911
-73088
260050
312023
576681
-490702
612022
-853814
532190
323278
-346838
821481
56036
955955
-433622
-143387
473772
865088
766067
-258151
-130671
636601
569051
-53791
-694431
781867
718153
-389931
-795486
939585
-992998
659943
852941
608484
-111628
114584
90963
-850622
855557
-26844
-127805
-632903
-796386
-706169
861916
900885
533147
-941327
-787156
-200420
593805
-409091
247913
-703251
-16214
-207342
-371649
-476189
-247953
889744
-744022
-994924
57349
20497
803108
49149
-62547
306581
308965
-599278
209342
613390
862114
502878
-456409
722573
-696079
-226781
-301532
-228533
816411
-500156
348756
-881551
-154385
-136255
501235
553905
519070
-116781
132300
-538401
-390062
813176
931628
815407
-825066
-288413
642490
-331980
-191150
487332
-485903
-544323
-675618
-117739
413237
-16329
-390398
-123070
-669468
-586230
-419993
517864
788408
-940521
-168609
750716
586267
-560363
725244
-785422
925701
859530
275830
-598149
47851
-14263
-504380
-921248
-564084
-271109
386097
-113069
-482066
-580243
74623
-728457
-564562
697699
-264054
-511719
177803
-925130
-707623
855505
-621387
-536030
-995858
-177041
-503843
113198
37784
-771155
-768422
993712
-171448
940249
252128
-439528
57143
606309
-392197
-504928
196365
23643
-639192
-706084
-215238
646862
686866
572731
-75949
788353
817906
-914036
431437
-143932
-345535
-837144
805877
111231
260966
411856
-80992
-544926
-873939
-589253
115778
268747
-793240
630126
-687980
-998620
-511421
-430802
-769890
814716
-734710
-700244
536486
70109
91613
-135660
135487
313654
-814070
-627698
548679
-345610
44724
-612920
-637030
792798
468191
51733
307221
258131
-351910
-886643
-419896
-535636
-284829
-464336
58738
533380
-593966
255528
903988
-265734
-744744
759050
125875
422679
-714597
-274529
426028
-945757
-568528
-460013
-863383
-936457
-339018
-491405
-436398
-998659
-636493
-497585
-784423
665825
649028
319683
-182229
-981268
-615737
-291037
-598207
-31436
497163
746940
-368075
884773
-65336
211692
-903736
-846134
79218
-584030
-171117
444013
-556282
-914871
811290
832244
969539
-82000
-231976
-503889
-27138
-661112
49753
-908553
569152
357228
-594206
807395
479330
-620637