-954836
-802527
343178
403069
-976908
-464296
340449
-119494
-50175
-686627
184246
702632
406001
-676872
737375
-513379
-334183
-91571
215628
586171
-605116
471724
-773730
-224657
382119
-838692
895342
-404608
-202931
929931
-392711
844673
690939
-800024
117572
-883379
868341
-142292
781621
714014
129293
-653042
-988606
-229457
-118188
444650
-202992
352054
-638845
-154537
595008
847114
737179
-493620
-593572
377701
-346501
919947
890498
267236
-930174
-468844
468438
484341
-597210
-80897
-924143
-757010
128890
-682906
278107
215668
-472446
-497167
-809000
348692
12604
-391996
401737
-282613
360525
151695
466881
-255509
113541
947664
-127690
120255
-580443
-43593
-610605
-437639
315002
-64314
-481982
67667
-207926
418059
-927781
503145